8.163383 5.874225
8.274984 4.990292
8.970936 6.177280
9.059029 5.984531
9.342219 6.227041
9.628728 5.949926
8.103222 6.263881
8.082648 5.878259
10.473343 5.952744
7.924343 6.241250
16.366387 4.991814
12.657928 5.457936
11.646139 4.977078
13.726287 3.869496
15.597632 4.952856
12.355120 4.956939
16.218663 4.942399
14.362767 5.035536
15.785117 4.562877
14.492067 5.767226
28.338322 4.358351
27.223943 4.145902
29.427276 4.370245
25.282502 3.887997
29.412187 4.591700
21.382309 3.541601
30.335706 4.757612
24.516377 4.066113
24.509195 4.262124
24.635324 4.174044
40.504275 3.714515
39.187984 2.149786
33.146059 3.028849
40.895276 3.956194
33.792356 3.162617
36.144284 3.406187
33.232063 3.080090
38.568956 2.588812
40.428820 2.961926
34.063513 2.711921
10.076498 6.885991
11.349055 6.845551
9.643004 6.944060
11.053107 7.379443
9.911712 6.750289
27.696769 8.138619
9.651874 7.707022
10.825196 7.724783
10.034507 7.500568
10.535473 5.949425
17.322629 6.014988
13.632731 5.909640
15.750931 4.452343
17.027088 5.970784
14.015394 6.293309
14.654761 5.944284
17.731237 5.966751
17.039653 5.636754
18.167583 5.719238
17.912388 6.499223
26.577107 5.101941
29.173233 5.067872
23.341985 2.414654
23.072279 4.654271
27.411863 5.709058
27.154455 5.948349
28.007297 5.915642
24.145382 4.377817
23.975993 5.140703
27.237145 5.922364
38.253171 4.018872
39.307074 2.560114
39.617161 4.316791
34.896067 1.039203
38.880730 3.815135
38.189721 3.508854
38.319212 5.223743
56.345232 4.166973
37.194389 3.250176
39.411192 4.725194
24.548135 8.785111
11.454963 8.646260
10.357812 7.731613
12.617868 8.139401
11.136847 8.225920
10.364177 8.388924
22.431425 7.937500
11.543971 8.871113
17.453057 8.286882
15.243897 8.256532
16.748417 7.735713
15.817182 7.548966
20.073783 7.605626
16.554874 7.120802
15.578651 6.748145
14.481931 6.332529
17.073595 6.967132
16.584289 6.943850
17.652158 6.417427
15.359528 6.831015
27.012209 4.542860
29.635266 6.281749
26.241760 5.941708
28.698935 6.601450
25.695095 5.636529
26.868491 5.472017
28.558751 6.951926
27.689162 6.086699
27.390398 6.109187
22.957437 5.378857
39.137178 4.857834
41.874618 3.680715
49.245823 4.165244
62.119701 5.346209
48.095958 5.937236
43.581122 5.898288
49.408291 4.304177
40.540288 2.751348
41.923265 5.253025
49.718609 5.142662
12.246795 8.219083
13.624719 7.945429
23.820848 10.369386
16.528136 9.516309
13.569423 9.400949
11.005068 8.472239
13.705054 8.869618
12.382246 10.248433
11.439332 9.066020
13.754772 9.574319
18.763629 8.922261
19.756045 8.580190
18.423724 8.825315
17.918600 8.009088
16.968946 7.927579
37.717333 9.289829
18.322597 8.224294
18.703037 7.644559
18.350812 7.958951
17.738336 8.501391
30.270400 5.600310
27.886324 7.881822
68.395037 6.774281
27.758198 7.342834
21.927231 6.102060
27.146914 6.970839
28.003327 6.706612
28.026621 6.785533
28.172024 7.626641
23.918070 5.978598
50.461873 4.774097
43.082924 5.430144
31.500249 6.344769
60.818359 5.785081
83.309813 5.858610
41.129386 5.666568
52.689652 6.919039
47.342083 6.280222
49.574068 5.563257
40.817228 5.145670
