33.2893770000 1039.4473878364
33.2729470000 1025.1153415329
32.2983070000 1004.8343101688
32.7208540000 1022.2369026512
32.6770340000 1030.3783975413
32.6504650000 1026.1562811543
32.9152410000 1010.5630240202
32.8519650000 1010.6645055312
32.9394850000 1025.6460893645
34.6395720000 1039.0777374376
34.6150850000 1009.4339879062
33.8845830000 1014.3834121552
34.5390520000 1026.8828783865
33.8275940000 1032.3387516902
34.2392710000 1032.0120289428
34.0113540000 1019.0726751241
34.1352300000 1033.8349521340
34.3657080000 1026.6733586305
34.1826990000 1029.2190788859
34.3906740000 1029.6996443747
34.3476610000 905.1815633228
34.5612970000 939.2338179239
34.7580200000 936.2289622079
34.2054540000 946.7102109715
34.8018380000 933.0427160017
35.3057720000 918.3291226062
34.9714130000 929.7083901955
34.8449020000 895.6991360423
34.4716980000 897.8709432987
34.3753970000 917.6421894502
34.6218810000 894.9051463136
33.6252210000 908.5065307832
35.4190570000 912.0691588593
36.0239290000 914.4420364947
35.2723610000 924.8303261741
36.5662470000 934.5703305164
35.9049690000 916.7912976660
34.8201280000 919.4576120775
34.6721850000 893.4714216685
33.7930010000 938.6968828562
