1.195123 0.003292
1.308117 0.005040
1.266076 0.007383
1.194536 0.008249
1.171859 0.006425
1.289880 0.004202
1.260663 0.005383
1.251869 0.005374
1.291829 0.012474
1.251836 0.002483
1.271551 0.003110
1.337131 0.001969
1.337103 0.002709
1.265563 0.003934
1.317965 0.001827
1.326176 0.003192
1.339176 0.003948
1.351614 0.000993
1.298383 0.001802
1.265564 0.002251
1.419862 0.002123
1.382349 0.000929
1.510366 0.000638
1.373242 0.000664
1.363843 0.000886
1.431269 0.001562
1.296107 0.001309
1.399276 0.001230
1.322160 0.000769
1.339364 0.001259
