2.39755 0.00032771
2.36659 0.000333078
2.36627 0.000129418
2.35088 0.000197313
1.76305 0
2.31237 0.000266041
2.43532 0.000276195
2.46592 0.000324706
1.74416 0
2.44382 0.00028152
2.50201 0.000315724
2.36793 0.000446564
2.36395 0.000170164
2.47265 0.000498799
2.3362 0.00025853
2.45342 0.000642854
2.34488 0.000353083
2.42679 0.000137077
2.37328 0.000280688
2.32118 0.00018207
2.21178 0.00130973
2.72095 0.00280115
2.39495 0.00223979
2.58506 0.00220282
2.98521 0.00391003
2.15089 0.00179036
2.16207 0.00221299
2.05525 0.00155522
1.9263 0.00152428
1.95752 0.000821066
2.12542 0.0015858
2.57701 0.00298719
2.38577 0.00239875
2.22328 0.00164457
2.19983 0.00174095
2.48905 0.00299992
2.8347 0.00312278
2.16271 0.00151095
2.06363 0.00109045
2.0373 0.00099975
2.07847 0.00106535
2.17275 0.00119088
2.18474 0.00127286
1.98687 0.000845583
2.10541 0.00152465
1.97063 0.00054172
1.94701 0.000585696
2.09342 0.000905664
2.00531 0.00132912
2.0104 0.000635616
1.93074 0.000701349
2.1319 0.00113827
1.94715 0.000604606
2.28546 0.00151497
2.3347 0.0013536
2.14018 0.00116699
2.04626 0.000835132
2.03962 0.000720609
2.10553 0.000961309
1.92363 0.000476949
2.43818 0.0010639
2.27487 0.000915049
2.25917 0.00104781
2.07448 0.000443739
2.1318 0.000717014
2.08983 0.000410819
2.15551 0.000734619
2.3429 0.000863576
2.12025 0.000578571
2.00582 0.000141217
2.13179 0.000714558
2.05069 0.000619579
2.23298 0.000670707
2.04648 0.00064971
2.10026 0.000375115
1.97207 0.000271272
2.10842 0.00041231
2.10742 0.000663302
2.05562 0.000491027
2.06125 0.000452237
3.08481 0.000301437
3.13517 0.000200883
3.36959 0.000448983
2.98778 0.000343057
3.02664 0.00015153
2.96418 0.000237602
3.21506 0.000552828
3.25569 0.000352526
3.21679 0.000285105
2.98902 0.000129225
3.17715 0.000336556
2.97643 0.000124111
3.21267 0.000398244
3.42213 0.000681215
3.15994 0.000358425
3.59895 0.000647611
3.19494 0.000244769
3.13344 0.000272779
3.52413 0.000392881
3.38947 0.000341048
4.44054 0.0025494
3.67607 0.00214921
3.22037 0.00157232
4.72552 0.00233823
4.03698 0.00196571
4.0235 0.00208835
3.67871 0.00202327
4.12651 0.00242465
3.24845 0.00129566
4.44459 0.00298812
4.29255 0.0029372
6.47262 0.00501624
6.06382 0.00393132
4.66857 0.00387925
3.85592 0.00189791
3.12806 0.00206242
4.90416 0.00333697
3.91224 0.00207636
3.21776 0.00223462
3.91326 0.002524
4.25347 0.00208492
3.17059 0.00132696
3.51085 0.00147259
3.05709 0.000822
2.7452 0.0008175
2.98497 0.00121223
3.49882 0.00138836
3.49248 0.00121093
3.73407 0.00144356
3.98708 0.00152137
3.08369 0.000796528
3.41689 0.00115548
3.1367 0.000839186
3.8791 0.00171711
3.34633 0.00115926
3.89029 0.00165967
3.30763 0.00108863
4.03195 0.00184657
3.36137 0.00113996
2.96859 0.00101231
3.04737 0.000864814
3.57118 0.00157562
2.61036 0.000320147
2.96399 0.000827288
2.83395 0.000912578
2.76312 0.000569326
2.82467 0.000546239
2.6895 0.000428351
2.79146 0.000533791
2.97645 0.000460558
3.14548 0.000716537
2.98974 0.000832063
3.09364 0.000702238
2.70099 0.000779107
2.5608 0.000439081
2.74855 0.000539023
2.77454 0.000622288
3.29124 0.00079041
3.38984 0.000758618
2.88973 0.000660589
4.55536 0.000388187
4.0965 0.000292733
4.33877 0.000366661
4.01252 0.000224124
4.29372 0.000455417
4.23186 0.000244331
4.18808 0.000319589
4.00087 0.000180986
3.8629 0.00014742
4.13339 0.000278451
4.52035 0.000496822
4.25583 0.000375304
4.67319 0.000566018
4.33842 0.000430068
4.53852 0.000535318
4.78215 0.000533428
3.85998 0.000235471
4.6859 0.000530409
4.03383 0.000178093
4.08226 0.000243461
10.3653 0.00318491
5.15958 0.00156164
11.0497 0.00384075
5.88269 0.00186966
6.68042 0.00207591
6.22103 0.00152227
11.7289 0.00474609
6.75378 0.00198845
6.70543 0.00197853
8.24497 0.00385952
7.4613 0.00278987
8.42067 0.00259912
8.61142 0.00298873
8.6265 0.00275851
7.18181 0.00228105
10.0169 0.00320809
9.24554 0.00310153
7.16572 0.00204523
4.88781 0.00148821
10.6612 0.00394479
5.20964 0.00119521
5.61443 0.00144068
4.58077 0.00103852
5.57416 0.00126299
6.21621 0.0015719
5.22323 0.00143059
4.76679 0.00115251
7.22485 0.00214148
3.97965 0.000579655
6.30185 0.00160681
4.7899 0.00102608
4.82917 0.0012131
5.16951 0.00151022
8.27866 0.00238991
6.07344 0.00146178
6.44578 0.00188828
5.44046 0.00121828
6.42016 0.00155592
7.17235 0.00181863
5.98203 0.00167359
4.64898 0.000861131
4.70665 0.000694122
4.3442 0.000805207
5.35808 0.00112654
5.45997 0.00104072
5.52369 0.000981556
4.49587 0.000677204
4.76121 0.000907332
4.32104 0.000566848
4.92312 0.000821411
4.6341 0.000743018
5.49439 0.00105651
4.48814 0.000618421
4.52754 0.000780544
6.90659 0.00164972
4.40986 0.00052813
4.61505 0.000654058
4.58779 0.000688339
3.74005 0.000582899
6.75573 0.00159697
7.10518 0.000351569
7.86504 0.000564161
7.52829 0.000440764
8.32244 0.000639315
7.16131 0.000423102
7.73152 0.000477315
6.72489 0.000376434
7.01372 0.000389467
6.36242 0.000376006
8.20731 0.000586361
6.92313 0.000362036
6.70356 0.000365268
6.82078 0.000299114
6.06781 0.000411014
8.10414 0.000550695
7.61279 0.000503449
7.3662 0.000493684
7.12621 0.00041594
6.62386 0.000289571
6.82163 0.000323595
19.7669 0.00349865
17.671 0.00264242
28.379 0.00508392
22.3147 0.00339651
33.5582 0.00589068
23.8515 0.00404011
15.2917 0.0021341
13.65 0.002024
23.4584 0.0037842
10.6046 0.00140208
18.4529 0.00279308
19.7399 0.00307069
18.1785 0.00296199
34.9234 0.00590907
25.1491 0.00417794
27.1266 0.00445789
16.0159 0.00226489
21.3997 0.00329853
19.4798 0.00289183
19.0733 0.00288242
11.6496 0.00154632
10.7331 0.00136054
8.57986 0.00117916
11.8882 0.00148917
9.88017 0.00113151
11.3175 0.00146738
7.81114 0.00129694
11.6411 0.00148333
7.2361 0.000886465
9.41036 0.00124506
8.67574 0.00110269
9.98792 0.00120156
8.91133 0.00105021
14.58 0.00257907
11.1273 0.00145836
17.1564 0.00253073
9.96346 0.00206851
9.08286 0.00102859
9.36548 0.0010755
9.30905 0.00101516
8.34279 0.000804436
7.24832 0.00065228
8.01027 0.000907897
8.5637 0.00077153
12.8227 0.0015571
7.09348 0.000667781
7.63118 0.000881019
9.70359 0.00116208
8.30837 0.000925972
8.23506 0.000926523
9.25883 0.00105334
8.49634 0.000873405
8.48676 0.00096132
7.01868 0.000663078
8.63408 0.00094863
7.23027 0.000609845
8.11484 0.000769971
9.15273 0.00103886
8.74653 0.000876926
13.9572 0.00183719
