0.064780 0.258215
0.097730 0.352455
0.085171 0.334327
0.065385 0.307361
0.058351 0.250147
0.089541 0.250698
0.071019 0.171875
0.076578 0.237215
0.079368 0.312280
0.078675 0.270579
0.090672 0.178313
0.117691 0.200511
0.107391 0.102355
0.111708 0.136939
0.128326 0.182843
0.090849 0.081375
0.092651 0.200345
0.075989 0.079867
0.075954 0.151601
0.088050 0.072648
0.102846 0.050027
0.111486 0.054530
0.127535 0.078159
0.101007 0.044948
0.128647 0.064905
0.121486 0.071421
0.120027 0.051147
0.148393 0.053652
0.112639 0.047302
0.114282 0.102397
0.173689 0.019393
0.192899 0.017462
0.171950 0.013806
0.179504 0.018095
0.182918 0.020781
0.225623 0.009872
0.170965 0.031815
0.163399 0.028922
0.177340 0.026765
0.163636 0.026950
0.077107 0.479143
0.100502 0.367393
0.088294 0.329064
0.094688 0.353913
0.112693 0.277652
0.113423 0.372492
0.098332 0.198515
0.099935 0.369297
0.094964 0.435035
0.100409 0.438705
0.109245 0.223588
0.110019 0.231048
0.103010 0.201255
0.112777 0.037490
0.111621 0.221247
0.112613 0.172454
0.099574 0.237753
0.104845 0.196363
0.110635 0.132767
0.092612 0.174919
0.111475 0.036807
0.117877 0.084531
0.126798 0.141177
0.166632 0.056911
0.130894 0.093351
0.131117 0.051878
0.150122 0.083738
0.117448 0.049932
0.112402 0.025805
0.130421 0.072396
0.197252 0.017360
0.209961 0.025804
0.194010 0.032443
0.177400 0.039139
0.179325 0.039138
0.179333 0.042512
0.171665 0.030433
0.171977 0.009980
0.187813 0.013049
0.189842 0.017729
0.127444 0.437788
0.107625 0.416695
0.109977 0.394268
0.096456 0.459096
0.109731 0.362821
0.091079 0.445704
0.110541 0.568514
0.091973 0.318164
0.103706 0.402977
0.107355 0.538150
0.134125 0.260569
0.108761 0.102132
0.108290 0.261832
0.127873 0.280249
0.118306 0.320606
0.129035 0.260382
0.111390 0.094568
0.095759 0.245582
0.115220 0.181206
0.091754 0.317933
0.114472 0.130525
0.154653 0.056724
0.161319 0.084772
0.147947 0.115186
0.117844 0.121878
0.116081 0.077053
0.138293 0.160669
0.119534 0.098808
0.152798 0.133032
0.140419 0.101061
0.187899 0.022280
0.189509 0.048586
0.173811 0.021246
0.207063 0.036146
0.183631 0.017571
0.199886 0.052440
0.195895 0.042124
0.172159 0.043190
0.199775 0.031179
0.174554 0.022842
0.088729 0.469590
0.091425 0.655439
0.111917 0.632452
0.110415 0.562761
0.097533 0.556658
0.103170 0.448961
0.141517 0.531991
0.110822 0.579942
0.117049 0.597503
0.107293 0.493499
0.122963 0.206628
0.116378 0.276211
0.102033 0.310287
0.135231 0.321477
0.109267 0.254276
0.132018 0.358590
0.101408 0.320293
0.124215 0.340495
0.129409 0.189634
0.135059 0.315130
0.156406 0.144100
0.161328 0.053918
0.139874 0.122451
0.142511 0.123212
0.154316 0.121261
0.160731 0.022311
0.164232 0.126882
0.142750 0.055119
0.137380 0.101564
0.194655 0.098519
0.193725 0.037168
0.223912 0.033600
0.196529 0.056064
0.189412 0.048861
0.203015 0.051050
0.193033 0.020357
0.215658 0.031669
0.198852 0.078565
0.200021 0.038204
0.212623 0.056193
