0.172991 0.017116
0.197575 0.026317
0.184793 0.013594
0.153562 0.017488
0.158360 0.006314
0.175729 0.017334
0.177992 0.023457
0.157267 0.029030
0.169679 0.016950
0.243732 0.020260
0.174716 0.028345
0.162652 0.017613
0.139162 0.017413
0.178074 0.029461
0.177153 0.025694
0.183154 0.025495
0.187294 0.026920
0.160304 0.024717
0.165224 0.029646
0.179114 0.026667
0.098469 0.151749
0.065557 0.288089
0.071191 0.386458
0.089519 0.286015
0.079353 0.333585
0.088381 0.471790
0.098523 0.330195
0.080455 0.269546
0.075477 0.216100
0.083263 0.211713
0.085792 0.303300
0.070046 0.216317
0.074306 0.333156
0.076076 0.220894
